#####################################################################
#  MagAO-X Filter Curve
#
# magaox_sci-ch4_bs-65-35_atm.dat
#
# Science CH4 bandpass with 65/35 B/S, with atmosphere
#
# Characteristics:
#    lambda_0:  8.74979e-07 [central wavelength, in m]
#    w_eff:     2.56456e-08 [effective width, in m]
#    FWHM:      2.50581e-08 [full-width at half max., in m]
#    Trans_max: 0.0430746 [maximum transmission]
#
# Vega Zero Point Flux Densities (calculated):
#    f_lambda_0: 0.00876218 [W/m^3 above atm]
#    f_nu_0:     2237.12 [Jy above atm]
#    f_phot_0:   3.85884e+16 [photons/s/m^3 above atm]
#
# Vega Zero Point Fluxes (calculated):
#    F_W_0: 6.82951e-09 [W at telescope aperture]
#    F_phot_0:   1.29555e+09 [photons/s at detector]
#
#####################################################################
# lambda [m]             transmission
#-------------------------------------------------
  8.063e-07          0
  8.064e-07          1.32826e-05
  8.065e-07          2.65653e-05
  8.066e-07          3.98481e-05
  8.067e-07          5.3131e-05
  8.068e-07          6.64091e-05
  8.069e-07          7.96853e-05
  8.07e-07          7.97909e-05
  8.071e-07          7.99007e-05
  8.072e-07          8.00106e-05
  8.073e-07          8.01203e-05
  8.074e-07          8.02301e-05
  8.075e-07          8.03848e-05
  8.076e-07          8.05232e-05
  8.077e-07          8.06617e-05
  8.078e-07          8.07641e-05
  8.079e-07          8.08666e-05
  8.08e-07          8.09608e-05
  8.081e-07          8.10429e-05
  8.082e-07          8.11372e-05
  8.083e-07          8.12483e-05
  8.084e-07          8.13593e-05
  8.085e-07          8.14821e-05
  8.086e-07          8.16049e-05
  8.087e-07          8.17277e-05
  8.088e-07          8.18505e-05
  8.089e-07          8.19694e-05
  8.09e-07          8.20883e-05
  8.091e-07          8.22077e-05
  8.092e-07          8.22777e-05
  8.093e-07          8.23476e-05
  8.094e-07          8.24173e-05
  8.095e-07          8.25231e-05
  8.096e-07          8.2629e-05
  8.097e-07          8.27349e-05
  8.098e-07          8.28408e-05
  8.099e-07          8.29494e-05
  8.1e-07          8.30579e-05
  8.101e-07          8.27416e-05
  8.102e-07          8.24243e-05
  8.103e-07          8.21059e-05
  8.104e-07          8.17865e-05
  8.105e-07          8.14661e-05
  8.106e-07          8.11447e-05
  8.107e-07          8.08161e-05
  8.108e-07          8.04865e-05
  8.109e-07          8.01721e-05
  8.11e-07          7.98805e-05
  8.111e-07          8.04339e-05
  8.112e-07          8.09888e-05
  8.113e-07          8.15451e-05
  8.114e-07          8.1949e-05
  8.115e-07          8.2336e-05
  8.116e-07          8.2863e-05
  8.117e-07          8.33911e-05
  8.118e-07          8.39203e-05
  8.119e-07          8.44506e-05
  8.12e-07          8.4982e-05
  8.121e-07          8.50738e-05
  8.122e-07          8.51823e-05
  8.123e-07          8.52907e-05
  8.124e-07          8.54288e-05
  8.125e-07          8.55669e-05
  8.126e-07          8.5705e-05
  8.127e-07          8.58433e-05
  8.128e-07          8.59387e-05
  8.129e-07          8.60341e-05
  8.13e-07          8.61295e-05
  8.131e-07          8.6137e-05
  8.132e-07          8.61441e-05
  8.133e-07          8.61512e-05
  8.134e-07          8.61995e-05
  8.135e-07          8.62621e-05
  8.136e-07          8.63246e-05
  8.137e-07          8.64163e-05
  8.138e-07          8.6508e-05
  8.139e-07          8.65997e-05
  8.14e-07          8.66913e-05
  8.141e-07          8.67343e-05
  8.142e-07          8.67899e-05
  8.143e-07          8.68453e-05
  8.144e-07          8.69005e-05
  8.145e-07          8.69556e-05
  8.146e-07          8.70038e-05
  8.147e-07          8.70518e-05
  8.148e-07          8.70826e-05
  8.149e-07          8.71037e-05
  8.15e-07          8.71247e-05
  8.151e-07          8.69086e-05
  8.152e-07          8.66919e-05
  8.153e-07          8.64341e-05
  8.154e-07          8.61757e-05
  8.155e-07          8.59558e-05
  8.156e-07          8.57785e-05
  8.157e-07          8.56002e-05
  8.158e-07          8.54369e-05
  8.159e-07          8.52726e-05
  8.16e-07          8.50477e-05
  8.161e-07          8.53695e-05
  8.162e-07          8.56918e-05
  8.163e-07          8.60182e-05
  8.164e-07          8.63364e-05
  8.165e-07          8.6655e-05
  8.166e-07          8.6974e-05
  8.167e-07          8.72358e-05
  8.168e-07          8.75262e-05
  8.169e-07          8.78255e-05
  8.17e-07          8.81861e-05
  8.171e-07          8.77536e-05
  8.172e-07          8.73196e-05
  8.173e-07          8.68842e-05
  8.174e-07          8.64209e-05
  8.175e-07          8.59565e-05
  8.176e-07          8.5491e-05
  8.177e-07          8.50346e-05
  8.178e-07          8.45771e-05
  8.179e-07          8.41183e-05
  8.18e-07          8.36582e-05
  8.181e-07          8.43253e-05
  8.182e-07          8.49938e-05
  8.183e-07          8.56637e-05
  8.184e-07          8.63351e-05
  8.185e-07          8.7028e-05
  8.186e-07          8.77227e-05
  8.187e-07          8.84031e-05
  8.188e-07          8.90437e-05
  8.189e-07          8.96851e-05
  8.19e-07          9.03275e-05
  8.191e-07          8.24966e-05
  8.192e-07          7.46598e-05
  8.193e-07          6.68069e-05
  8.194e-07          5.8949e-05
  8.195e-07          5.10585e-05
  8.196e-07          4.31533e-05
  8.197e-07          3.52334e-05
  8.198e-07          2.72959e-05
  8.199e-07          1.93454e-05
  8.2e-07          1.138e-05
  8.201e-07          1.95043e-05
  8.202e-07          2.76478e-05
  8.203e-07          3.58047e-05
  8.204e-07          4.3975e-05
  8.205e-07          5.21588e-05
  8.206e-07          6.03513e-05
  8.207e-07          6.85678e-05
  8.208e-07          7.67993e-05
  8.209e-07          8.50523e-05
  8.21e-07          9.33215e-05
  8.211e-07          9.32641e-05
  8.212e-07          9.32063e-05
  8.213e-07          9.31367e-05
  8.214e-07          9.30667e-05
  8.215e-07          9.29963e-05
  8.216e-07          9.29589e-05
  8.217e-07          9.2921e-05
  8.218e-07          9.28828e-05
  8.219e-07          9.27843e-05
  8.22e-07          9.26855e-05
  8.221e-07          9.20698e-05
  8.222e-07          9.14533e-05
  8.223e-07          9.08573e-05
  8.224e-07          9.02602e-05
  8.225e-07          8.9662e-05
  8.226e-07          8.90627e-05
  8.227e-07          8.84221e-05
  8.228e-07          8.7781e-05
  8.229e-07          8.71392e-05
  8.23e-07          8.64969e-05
  8.231e-07          8.72801e-05
  8.232e-07          8.80629e-05
  8.233e-07          8.88454e-05
  8.234e-07          8.96884e-05
  8.235e-07          9.05323e-05
  8.236e-07          9.1394e-05
  8.237e-07          9.2257e-05
  8.238e-07          9.31023e-05
  8.239e-07          9.39484e-05
  8.24e-07          9.48026e-05
  8.241e-07          9.48912e-05
  8.242e-07          9.49796e-05
  8.243e-07          9.5068e-05
  8.244e-07          9.51563e-05
  8.245e-07          9.52643e-05
  8.246e-07          9.53561e-05
  8.247e-07          9.54478e-05
  8.248e-07          9.55514e-05
  8.249e-07          9.5655e-05
  8.25e-07          9.57586e-05
  8.251e-07          9.5721e-05
  8.252e-07          9.5706e-05
  8.253e-07          9.57068e-05
  8.254e-07          9.57074e-05
  8.255e-07          9.56849e-05
  8.256e-07          9.56622e-05
  8.257e-07          9.56391e-05
  8.258e-07          9.56158e-05
  8.259e-07          9.54563e-05
  8.26e-07          9.52967e-05
  8.261e-07          9.5509e-05
  8.262e-07          9.57216e-05
  8.263e-07          9.59343e-05
  8.264e-07          9.61472e-05
  8.265e-07          9.63603e-05
  8.266e-07          9.65837e-05
  8.267e-07          9.68072e-05
  8.268e-07          9.7031e-05
  8.269e-07          9.72717e-05
  8.27e-07          9.75127e-05
  8.271e-07          9.75479e-05
  8.272e-07          9.75829e-05
  8.273e-07          9.75208e-05
  8.274e-07          9.74536e-05
  8.275e-07          9.73861e-05
  8.276e-07          9.73183e-05
  8.277e-07          9.73161e-05
  8.278e-07          9.73127e-05
  8.279e-07          9.7309e-05
  8.28e-07          9.73131e-05
  8.281e-07          9.64267e-05
  8.282e-07          9.55389e-05
  8.283e-07          9.46495e-05
  8.284e-07          9.37166e-05
  8.285e-07          9.2783e-05
  8.286e-07          9.18487e-05
  8.287e-07          9.09544e-05
  8.288e-07          9.00586e-05
  8.289e-07          8.91613e-05
  8.29e-07          8.82626e-05
  8.291e-07          8.93491e-05
  8.292e-07          9.04722e-05
  8.293e-07          9.15974e-05
  8.294e-07          9.27248e-05
  8.295e-07          9.38542e-05
  8.296e-07          9.49858e-05
  8.297e-07          9.60752e-05
  8.298e-07          9.71658e-05
  8.299e-07          9.82576e-05
  8.3e-07          9.93506e-05
  8.301e-07          9.93957e-05
  8.302e-07          9.94407e-05
  8.303e-07          9.94857e-05
  8.304e-07          9.95305e-05
  8.305e-07          9.95388e-05
  8.306e-07          9.94991e-05
  8.307e-07          9.9459e-05
  8.308e-07          9.94592e-05
  8.309e-07          9.95071e-05
  8.31e-07          9.95548e-05
  8.311e-07          9.95647e-05
  8.312e-07          9.95226e-05
  8.313e-07          9.94803e-05
  8.314e-07          9.94212e-05
  8.315e-07          9.93619e-05
  8.316e-07          9.92817e-05
  8.317e-07          9.92013e-05
  8.318e-07          9.91962e-05
  8.319e-07          9.9191e-05
  8.32e-07          9.91856e-05
  8.321e-07          9.93771e-05
  8.322e-07          9.95687e-05
  8.323e-07          9.97502e-05
  8.324e-07          9.99485e-05
  8.325e-07          0.000100162
  8.326e-07          0.000100359
  8.327e-07          0.000100557
  8.328e-07          0.000100754
  8.329e-07          0.000100952
  8.33e-07          0.000101166
  8.331e-07          0.000101217
  8.332e-07          0.000101268
  8.333e-07          0.000101273
  8.334e-07          0.000101279
  8.335e-07          0.000101284
  8.336e-07          0.000101289
  8.337e-07          0.000101307
  8.338e-07          0.000101325
  8.339e-07          0.00010137
  8.34e-07          0.000101414
  8.341e-07          0.000101524
  8.342e-07          0.000101633
  8.343e-07          0.000101743
  8.344e-07          0.000101876
  8.345e-07          0.000102008
  8.346e-07          0.000102141
  8.347e-07          0.000102173
  8.348e-07          0.000102204
  8.349e-07          0.000102236
  8.35e-07          0.000102267
  8.351e-07          0.000102252
  8.352e-07          0.000102237
  8.353e-07          0.000102221
  8.354e-07          0.000102252
  8.355e-07          0.000102284
  8.356e-07          0.000102315
  8.357e-07          0.00010233
  8.358e-07          0.000102346
  8.359e-07          0.000102361
  8.36e-07          0.000102376
  8.361e-07          0.000102492
  8.362e-07          0.0001026
  8.363e-07          0.000102708
  8.364e-07          0.000102831
  8.365e-07          0.000102988
  8.366e-07          0.000103146
  8.367e-07          0.000103304
  8.368e-07          0.000103462
  8.369e-07          0.000103477
  8.37e-07          0.000103476
  8.371e-07          0.000103458
  8.372e-07          0.000103553
  8.373e-07          0.000103647
  8.374e-07          0.000103742
  8.375e-07          0.000103837
  8.376e-07          0.000103927
  8.377e-07          0.000104033
  8.378e-07          0.000104139
  8.379e-07          0.000104227
  8.38e-07          0.000104316
  8.381e-07          0.000104222
  8.382e-07          0.000104128
  8.383e-07          0.000104035
  8.384e-07          0.000103931
  8.385e-07          0.000103827
  8.386e-07          0.000103728
  8.387e-07          0.000103628
  8.388e-07          0.000103528
  8.389e-07          0.000103438
  8.39e-07          0.000103289
  8.391e-07          0.000103342
  8.392e-07          0.000103395
  8.393e-07          0.000103526
  8.394e-07          0.000103656
  8.395e-07          0.000103787
  8.396e-07          0.000103918
  8.397e-07          0.000104036
  8.398e-07          0.000104153
  8.399e-07          0.00010427
  8.4e-07          0.000104374
  8.401e-07          0.000104594
  8.402e-07          0.000104798
  8.403e-07          0.000105003
  8.404e-07          0.000105234
  8.405e-07          0.000105466
  8.406e-07          0.000105698
  8.407e-07          0.00010593
  8.408e-07          0.000106153
  8.409e-07          0.000106377
  8.41e-07          0.000106601
  8.411e-07          0.000106598
  8.412e-07          0.000106594
  8.413e-07          0.00010659
  8.414e-07          0.000106586
  8.415e-07          0.000106631
  8.416e-07          0.000106676
  8.417e-07          0.000106721
  8.418e-07          0.00010676
  8.419e-07          0.0001068
  8.42e-07          0.000106839
  8.421e-07          0.000106917
  8.422e-07          0.000106995
  8.423e-07          0.000107089
  8.424e-07          0.000107182
  8.425e-07          0.000107303
  8.426e-07          0.000107424
  8.427e-07          0.000107544
  8.428e-07          0.000107665
  8.429e-07          0.000107762
  8.43e-07          0.000107858
  8.431e-07          0.000107973
  8.432e-07          0.000108038
  8.433e-07          0.000108102
  8.434e-07          0.000108167
  8.435e-07          0.000108231
  8.436e-07          0.000108343
  8.437e-07          0.000108454
  8.438e-07          0.000108594
  8.439e-07          0.000108734
  8.44e-07          0.000108894
  8.441e-07          0.000109043
  8.442e-07          0.000109154
  8.443e-07          0.000109265
  8.444e-07          0.000109376
  8.445e-07          0.000109487
  8.446e-07          0.000109598
  8.447e-07          0.000109691
  8.448e-07          0.000109784
  8.449e-07          0.000109891
  8.45e-07          0.000110037
  8.451e-07          0.000110164
  8.452e-07          0.000110292
  8.453e-07          0.000110419
  8.454e-07          0.000110542
  8.455e-07          0.000110664
  8.456e-07          0.000110786
  8.457e-07          0.000110918
  8.458e-07          0.00011105
  8.459e-07          0.000111182
  8.46e-07          0.000111314
  8.461e-07          0.000111319
  8.462e-07          0.000111323
  8.463e-07          0.000111328
  8.464e-07          0.000111411
  8.465e-07          0.000111494
  8.466e-07          0.000111577
  8.467e-07          0.00011166
  8.468e-07          0.000111747
  8.469e-07          0.000111834
  8.47e-07          0.000111921
  8.471e-07          0.000112046
  8.472e-07          0.000112171
  8.473e-07          0.000112295
  8.474e-07          0.00011242
  8.475e-07          0.000112503
  8.476e-07          0.000112586
  8.477e-07          0.000112669
  8.478e-07          0.000112797
  8.479e-07          0.000112925
  8.48e-07          0.000113004
  8.481e-07          0.000113135
  8.482e-07          0.000113182
  8.483e-07          0.000113228
  8.484e-07          0.000113275
  8.485e-07          0.000113376
  8.486e-07          0.000113477
  8.487e-07          0.000113579
  8.488e-07          0.000113707
  8.489e-07          0.000113869
  8.49e-07          0.000114032
  8.491e-07          0.000114167
  8.492e-07          0.000114301
  8.493e-07          0.000114386
  8.494e-07          0.000119143
  8.495e-07          0.000123898
  8.496e-07          0.000128638
  8.497e-07          0.000133375
  8.498e-07          0.000138109
  8.499e-07          0.000142923
  8.5e-07          0.00014774
  8.501e-07          0.000152568
  8.502e-07          0.000157399
  8.503e-07          0.000162227
  8.504e-07          0.000167058
  8.505e-07          0.000171892
  8.506e-07          0.000176728
  8.507e-07          0.00018135
  8.508e-07          0.000192224
  8.509e-07          0.000203077
  8.51e-07          0.000214066
  8.511e-07          0.00022499
  8.512e-07          0.000235904
  8.513e-07          0.000246927
  8.514e-07          0.000257913
  8.515e-07          0.000268898
  8.516e-07          0.000279879
  8.517e-07          0.000290769
  8.518e-07          0.00030165
  8.519e-07          0.000312521
  8.52e-07          0.000321886
  8.521e-07          0.000331452
  8.522e-07          0.000341026
  8.523e-07          0.000350607
  8.524e-07          0.000360275
  8.525e-07          0.000369955
  8.526e-07          0.000379647
  8.527e-07          0.000412439
  8.528e-07          0.00044521
  8.529e-07          0.000478012
  8.53e-07          0.000492376
  8.531e-07          0.00050666
  8.532e-07          0.000520952
  8.533e-07          0.000535249
  8.534e-07          0.000549554
  8.535e-07          0.000563539
  8.536e-07          0.000577563
  8.537e-07          0.000593841
  8.538e-07          0.000610104
  8.539e-07          0.000622368
  8.54e-07          0.000634628
  8.541e-07          0.000647177
  8.542e-07          0.000659733
  8.543e-07          0.000672295
  8.544e-07          0.000684863
  8.545e-07          0.000697438
  8.546e-07          0.000709895
  8.547e-07          0.000743148
  8.548e-07          0.000776418
  8.549e-07          0.000809087
  8.55e-07          0.000832278
  8.551e-07          0.000855353
  8.552e-07          0.000878398
  8.553e-07          0.000901776
  8.554e-07          0.000925143
  8.555e-07          0.000948498
  8.556e-07          0.000972248
  8.557e-07          0.00103852
  8.558e-07          0.00110484
  8.559e-07          0.00117119
  8.56e-07          0.0012593
  8.561e-07          0.00134747
  8.562e-07          0.00138107
  8.563e-07          0.00141469
  8.564e-07          0.00144834
  8.565e-07          0.00148202
  8.566e-07          0.00151186
  8.567e-07          0.00154021
  8.568e-07          0.00156853
  8.569e-07          0.00159682
  8.57e-07          0.0017178
  8.571e-07          0.00183872
  8.572e-07          0.00195965
  8.573e-07          0.00204776
  8.574e-07          0.00213629
  8.575e-07          0.00222488
  8.576e-07          0.00233155
  8.577e-07          0.00243827
  8.578e-07          0.00254492
  8.579e-07          0.00265162
  8.58e-07          0.00275836
  8.581e-07          0.00286394
  8.582e-07          0.00296947
  8.583e-07          0.00322272
  8.584e-07          0.00347585
  8.585e-07          0.0037306
  8.586e-07          0.00400519
  8.587e-07          0.00427991
  8.588e-07          0.00455502
  8.589e-07          0.00471503
  8.59e-07          0.00487515
  8.591e-07          0.00503508
  8.592e-07          0.00519289
  8.593e-07          0.00545708
  8.594e-07          0.00572117
  8.595e-07          0.00598795
  8.596e-07          0.00652168
  8.597e-07          0.00705551
  8.598e-07          0.00758944
  8.599e-07          0.00799583
  8.6e-07          0.00840183
  8.601e-07          0.00880542
  8.602e-07          0.00910787
  8.603e-07          0.00940972
  8.604e-07          0.00971097
  8.605e-07          0.0100135
  8.606e-07          0.0108717
  8.607e-07          0.0117293
  8.608e-07          0.0125861
  8.609e-07          0.013056
  8.61e-07          0.013526
  8.611e-07          0.0139959
  8.612e-07          0.0147989
  8.613e-07          0.0156005
  8.614e-07          0.016402
  8.615e-07          0.0170915
  8.616e-07          0.0177799
  8.617e-07          0.0184682
  8.618e-07          0.0191564
  8.619e-07          0.020003
  8.62e-07          0.0208492
  8.621e-07          0.0214733
  8.622e-07          0.0220971
  8.623e-07          0.0227122
  8.624e-07          0.0233266
  8.625e-07          0.0242376
  8.626e-07          0.0251475
  8.627e-07          0.0260668
  8.628e-07          0.0264982
  8.629e-07          0.0269295
  8.63e-07          0.0273605
  8.631e-07          0.0277943
  8.632e-07          0.0287649
  8.633e-07          0.0297352
  8.634e-07          0.03071
  8.635e-07          0.0315916
  8.636e-07          0.0324732
  8.637e-07          0.0333549
  8.638e-07          0.0336888
  8.639e-07          0.0340224
  8.64e-07          0.0343658
  8.641e-07          0.0347088
  8.642e-07          0.0359196
  8.643e-07          0.0371306
  8.644e-07          0.0374177
  8.645e-07          0.037704
  8.646e-07          0.0379895
  8.647e-07          0.0382742
  8.648e-07          0.0386545
  8.649e-07          0.0390347
  8.65e-07          0.0394146
  8.651e-07          0.0398065
  8.652e-07          0.0402014
  8.653e-07          0.0405962
  8.654e-07          0.0409832
  8.655e-07          0.0414034
  8.656e-07          0.0418234
  8.657e-07          0.0422434
  8.658e-07          0.042499
  8.659e-07          0.0427403
  8.66e-07          0.0429814
  8.661e-07          0.0429952
  8.662e-07          0.043009
  8.663e-07          0.0430309
  8.664e-07          0.0430527
  8.665e-07          0.0430746
  8.666e-07          0.0430579
  8.667e-07          0.0430411
  8.668e-07          0.0430082
  8.669e-07          0.0429752
  8.67e-07          0.0429756
  8.671e-07          0.0429763
  8.672e-07          0.042977
  8.673e-07          0.0429676
  8.674e-07          0.0429612
  8.675e-07          0.0429549
  8.676e-07          0.0429485
  8.677e-07          0.0429355
  8.678e-07          0.0429225
  8.679e-07          0.0429095
  8.68e-07          0.042924
  8.681e-07          0.0429392
  8.682e-07          0.0429545
  8.683e-07          0.0429697
  8.684e-07          0.0429364
  8.685e-07          0.042903
  8.686e-07          0.0428697
  8.687e-07          0.0428201
  8.688e-07          0.0427861
  8.689e-07          0.0427521
  8.69e-07          0.042718
  8.691e-07          0.0426996
  8.692e-07          0.0426813
  8.693e-07          0.0426629
  8.694e-07          0.0426361
  8.695e-07          0.0426094
  8.696e-07          0.0425826
  8.697e-07          0.0425537
  8.698e-07          0.0424804
  8.699e-07          0.0424071
  8.7e-07          0.0423339
  8.701e-07          0.0423149
  8.702e-07          0.0422959
  8.703e-07          0.0422853
  8.704e-07          0.0422747
  8.705e-07          0.0422766
  8.706e-07          0.0422786
  8.707e-07          0.0422805
  8.708e-07          0.0422867
  8.709e-07          0.042284
  8.71e-07          0.0422894
  8.711e-07          0.0422943
  8.712e-07          0.0423101
  8.713e-07          0.0423258
  8.714e-07          0.0423416
  8.715e-07          0.0423574
  8.716e-07          0.0423478
  8.717e-07          0.04234
  8.718e-07          0.0423321
  8.719e-07          0.0423098
  8.72e-07          0.0422874
  8.721e-07          0.0422664
  8.722e-07          0.0422852
  8.723e-07          0.042304
  8.724e-07          0.0423228
  8.725e-07          0.0423415
  8.726e-07          0.0423457
  8.727e-07          0.0423499
  8.728e-07          0.0423541
  8.729e-07          0.0423582
  8.73e-07          0.0423359
  8.731e-07          0.042313
  8.732e-07          0.04229
  8.733e-07          0.0422889
  8.734e-07          0.0422878
  8.735e-07          0.0422867
  8.736e-07          0.0422891
  8.737e-07          0.0423061
  8.738e-07          0.0423232
  8.739e-07          0.0423402
  8.74e-07          0.0423548
  8.741e-07          0.042368
  8.742e-07          0.0423813
  8.743e-07          0.0423931
  8.744e-07          0.042405
  8.745e-07          0.0424168
  8.746e-07          0.0424286
  8.747e-07          0.0424294
  8.748e-07          0.0424301
  8.749e-07          0.0424355
  8.75e-07          0.042441
  8.751e-07          0.0424342
  8.752e-07          0.0424273
  8.753e-07          0.0424204
  8.754e-07          0.0424135
  8.755e-07          0.0424258
  8.756e-07          0.0424283
  8.757e-07          0.0424308
  8.758e-07          0.0424272
  8.759e-07          0.0424235
  8.76e-07          0.0424197
  8.761e-07          0.0424157
  8.762e-07          0.0423295
  8.763e-07          0.0422432
  8.764e-07          0.0422428
  8.765e-07          0.0422424
  8.766e-07          0.042242
  8.767e-07          0.0422415
  8.768e-07          0.0422411
  8.769e-07          0.0422487
  8.77e-07          0.0422564
  8.771e-07          0.0422662
  8.772e-07          0.0422761
  8.773e-07          0.042286
  8.774e-07          0.0422959
  8.775e-07          0.0423057
  8.776e-07          0.0423125
  8.777e-07          0.0423192
  8.778e-07          0.0423259
  8.779e-07          0.0423239
  8.78e-07          0.0423214
  8.781e-07          0.0423084
  8.782e-07          0.0422954
  8.783e-07          0.0422257
  8.784e-07          0.0421559
  8.785e-07          0.0421586
  8.786e-07          0.0421614
  8.787e-07          0.0421641
  8.788e-07          0.0421668
  8.789e-07          0.0421616
  8.79e-07          0.042127
  8.791e-07          0.042094
  8.792e-07          0.0420609
  8.793e-07          0.0420285
  8.794e-07          0.041996
  8.795e-07          0.041969
  8.796e-07          0.041942
  8.797e-07          0.0419282
  8.798e-07          0.0419144
  8.799e-07          0.0419006
  8.8e-07          0.0418868
  8.801e-07          0.0418653
  8.802e-07          0.0418616
  8.803e-07          0.041858
  8.804e-07          0.0418587
  8.805e-07          0.0418595
  8.806e-07          0.0418603
  8.807e-07          0.041861
  8.808e-07          0.0418498
  8.809e-07          0.0418387
  8.81e-07          0.0418275
  8.811e-07          0.0418056
  8.812e-07          0.0417837
  8.813e-07          0.0417618
  8.814e-07          0.0417399
  8.815e-07          0.0416985
  8.816e-07          0.0416571
  8.817e-07          0.0416156
  8.818e-07          0.0416046
  8.819e-07          0.0415936
  8.82e-07          0.0415826
  8.821e-07          0.0415687
  8.822e-07          0.0415547
  8.823e-07          0.0415408
  8.824e-07          0.0415269
  8.825e-07          0.0414957
  8.826e-07          0.0414646
  8.827e-07          0.0414334
  8.828e-07          0.0413778
  8.829e-07          0.0413464
  8.83e-07          0.041315
  8.831e-07          0.041303
  8.832e-07          0.0412668
  8.833e-07          0.0412306
  8.834e-07          0.0411789
  8.835e-07          0.0411272
  8.836e-07          0.0410907
  8.837e-07          0.0410543
  8.838e-07          0.0406234
  8.839e-07          0.040193
  8.84e-07          0.039763
  8.841e-07          0.0395882
  8.842e-07          0.039429
  8.843e-07          0.0392698
  8.844e-07          0.0392163
  8.845e-07          0.0391627
  8.846e-07          0.0391092
  8.847e-07          0.0382981
  8.848e-07          0.0374818
  8.849e-07          0.0366677
  8.85e-07          0.0358915
  8.851e-07          0.0351914
  8.852e-07          0.0344931
  8.853e-07          0.0337967
  8.854e-07          0.0332922
  8.855e-07          0.0327895
  8.856e-07          0.0322885
  8.857e-07          0.0313231
  8.858e-07          0.0303611
  8.859e-07          0.0294025
  8.86e-07          0.028578
  8.861e-07          0.0278194
  8.862e-07          0.0270601
  8.863e-07          0.0267027
  8.864e-07          0.0263449
  8.865e-07          0.0259865
  8.866e-07          0.0256276
  8.867e-07          0.0246575
  8.868e-07          0.0236777
  8.869e-07          0.0226974
  8.87e-07          0.0222927
  8.871e-07          0.0218433
  8.872e-07          0.0213953
  8.873e-07          0.0209488
  8.874e-07          0.0204285
  8.875e-07          0.0199109
  8.876e-07          0.0193949
  8.877e-07          0.0184376
  8.878e-07          0.0174727
  8.879e-07          0.0165122
  8.88e-07          0.015836
  8.881e-07          0.015209
  8.882e-07          0.014854
  8.883e-07          0.0144982
  8.884e-07          0.0141413
  8.885e-07          0.0137835
  8.886e-07          0.0132015
  8.887e-07          0.0126186
  8.888e-07          0.0120348
  8.889e-07          0.0114482
  8.89e-07          0.0110334
  8.891e-07          0.0106019
  8.892e-07          0.0101713
  8.893e-07          0.00981417
  8.894e-07          0.00945728
  8.895e-07          0.00910062
  8.896e-07          0.00860504
  8.897e-07          0.00811042
  8.898e-07          0.00761675
  8.899e-07          0.00712403
  8.9e-07          0.00685362
  8.901e-07          0.00656071
  8.902e-07          0.00627003
  8.903e-07          0.00578137
  8.904e-07          0.00529622
  8.905e-07          0.00499412
  8.906e-07          0.00469417
  8.907e-07          0.00439637
  8.908e-07          0.00410071
  8.909e-07          0.00396864
  8.91e-07          0.00383485
  8.911e-07          0.00369306
  8.912e-07          0.00355293
  8.913e-07          0.00332555
  8.914e-07          0.003103
  8.915e-07          0.0028831
  8.916e-07          0.00267803
  8.917e-07          0.00247474
  8.918e-07          0.00227404
  8.919e-07          0.00215673
  8.92e-07          0.00204086
  8.921e-07          0.00196023
  8.922e-07          0.00192514
  8.923e-07          0.0018889
  8.924e-07          0.00185326
  8.925e-07          0.00181641
  8.926e-07          0.00177836
  8.927e-07          0.0017391
  8.928e-07          0.00169829
  8.929e-07          0.00162802
  8.93e-07          0.00155598
  8.931e-07          0.00146742
  8.932e-07          0.00139983
  8.933e-07          0.00133236
  8.934e-07          0.00126502
  8.935e-07          0.00119872
  8.936e-07          0.00113979
  8.937e-07          0.00108087
  8.938e-07          0.00102198
  8.939e-07          0.000997821
  8.94e-07          0.00097366
  8.941e-07          0.000949409
  8.942e-07          0.00092516
  8.943e-07          0.000900914
  8.944e-07          0.000876671
  8.945e-07          0.000854512
  8.946e-07          0.000832353
  8.947e-07          0.000810193
  8.948e-07          0.000788033
  8.949e-07          0.000773027
  8.95e-07          0.00075803
  8.951e-07          0.000742791
  8.952e-07          0.000727571
  8.953e-07          0.000711484
  8.954e-07          0.00069557
  8.955e-07          0.000663569
  8.956e-07          0.000632463
  8.957e-07          0.000601386
  8.958e-07          0.000570339
  8.959e-07          0.000548593
  8.96e-07          0.000526814
  8.961e-07          0.000505389
  8.962e-07          0.000484182
  8.963e-07          0.000462952
  8.964e-07          0.000455859
  8.965e-07          0.00044876
  8.966e-07          0.000441687
  8.967e-07          0.000434608
  8.968e-07          0.000427523
  8.969e-07          0.000420432
  8.97e-07          0.000413136
  8.971e-07          0.000405693
  8.972e-07          0.000400797
  8.973e-07          0.000396097
  8.974e-07          0.000391005
  8.975e-07          0.000385922
  8.976e-07          0.000380846
  8.977e-07          0.00037578
  8.978e-07          0.000367587
  8.979e-07          0.000359393
  8.98e-07          0.000351197
  8.981e-07          0.000315278
  8.982e-07          0.000280659
  8.983e-07          0.000247342
  8.984e-07          0.000215331
  8.985e-07          0.000186231
  8.986e-07          0.000158015
  8.987e-07          0.000130676
  8.988e-07          0.000104391
  8.989e-07          7.88872e-05
  8.99e-07          5.41655e-05
  8.991e-07          7.64356e-05
  8.992e-07          9.80652e-05
  8.993e-07          0.000119039
  8.994e-07          0.000139355
  8.995e-07          0.000159035
  8.996e-07          0.000178063
  8.997e-07          0.000196439
  8.998e-07          0.000213598
  8.999e-07          0.000229967
  9e-07          0.00024557
  9.001e-07          0.00021917
  9.002e-07          0.000193569
  9.003e-07          0.000168867
  9.004e-07          0.000145457
  9.005e-07          0.000122787
  9.006e-07          0.000100731
  9.007e-07          7.94648e-05
  9.008e-07          5.89864e-05
  9.009e-07          3.93413e-05
  9.01e-07          2.043e-05
  9.011e-07          3.78783e-05
  9.012e-07          5.53327e-05
  9.013e-07          7.28157e-05
  9.014e-07          9.03156e-05
  9.015e-07          0.000107832
  9.016e-07          0.000125366
  9.017e-07          0.000142881
  9.018e-07          0.000160405
  9.019e-07          0.000177936
  9.02e-07          0.00019549
  9.021e-07          0.000196166
  9.022e-07          0.000196843
  9.023e-07          0.000197532
  9.024e-07          0.000198221
  9.025e-07          0.000198911
  9.026e-07          0.000199601
  9.027e-07          0.000200056
  9.028e-07          0.000200511
  9.029e-07          0.000200964
  9.03e-07          0.000193305
  9.031e-07          0.000185273
  9.032e-07          0.000177241
  9.033e-07          0.000169209
  9.034e-07          0.000161261
  9.035e-07          0.000153304
  9.036e-07          0.000145339
  9.037e-07          0.000145507
  9.038e-07          0.000145681
  9.039e-07          0.000145856
  9.04e-07          0.000146031
  9.041e-07          0.000145417
  9.042e-07          0.000144802
  9.043e-07          0.000144172
  9.044e-07          0.000143561
  9.045e-07          0.000142948
  9.046e-07          0.000142335
  9.047e-07          0.000141721
  9.048e-07          0.000140885
  9.049e-07          0.000140051
  9.05e-07          0.000139217
  9.051e-07          0.000139726
  9.052e-07          0.000140355
  9.053e-07          0.000140984
  9.054e-07          0.000141613
  9.055e-07          0.000142342
  9.056e-07          0.000143072
  9.057e-07          0.000143816
  9.058e-07          0.00014456
  9.059e-07          0.000145305
  9.06e-07          0.000146051
  9.061e-07          0.000145917
  9.062e-07          0.000145782
  9.063e-07          0.000145578
  9.064e-07          0.000145374
  9.065e-07          0.000145237
  9.066e-07          0.000145099
  9.067e-07          0.000144961
  9.068e-07          0.000144823
  9.069e-07          0.000144685
  9.07e-07          0.000144306
  9.071e-07          0.000144352
  9.072e-07          0.000144397
  9.073e-07          0.000144621
  9.074e-07          0.000144844
  9.075e-07          0.000144998
  9.076e-07          0.000145138
  9.077e-07          0.000145323
  9.078e-07          0.000145579
  9.079e-07          0.000145835
  9.08e-07          0.00014611
  9.081e-07          0.000145521
  9.082e-07          0.000144931
  9.083e-07          0.000144353
  9.084e-07          0.000143718
  9.085e-07          0.000143083
  9.086e-07          0.000142508
  9.087e-07          0.000141932
  9.088e-07          0.000141355
  9.089e-07          0.000140765
  9.09e-07          0.000140174
  9.091e-07          0.000140522
  9.092e-07          0.000140866
  9.093e-07          0.000141208
  9.094e-07          0.000141819
  9.095e-07          0.00014243
  9.096e-07          0.000143054
  9.097e-07          0.000143679
  9.098e-07          0.00014436
  9.099e-07          0.000145042
  9.1e-07          0.000145749
  9.101e-07          0.000143825
  9.102e-07          0.000141856
  9.103e-07          0.000139885
  9.104e-07          0.000137913
  9.105e-07          0.000135965
  9.106e-07          0.000134014
  9.107e-07          0.000132062
  9.108e-07          0.000130107
  9.109e-07          0.000128075
  9.11e-07          0.000126047
  9.111e-07          0.000127443
  9.112e-07          0.000128866
  9.113e-07          0.00013029
  9.114e-07          0.000131713
  9.115e-07          0.000133126
  9.116e-07          0.000134583
  9.117e-07          0.000136041
  9.118e-07          0.0001375
  9.119e-07          0.000138953
  9.12e-07          0.000140407
  9.121e-07          0.000141001
  9.122e-07          0.000141607
  9.123e-07          0.000142032
  9.124e-07          0.000142456
  9.125e-07          0.000142879
  9.126e-07          0.000143485
  9.127e-07          0.000144091
  9.128e-07          0.000144686
  9.129e-07          0.000145281
  9.13e-07          0.000145688
  9.131e-07          0.000145311
  9.132e-07          0.000144933
  9.133e-07          0.000144685
  9.134e-07          0.000144436
  9.135e-07          0.000144187
  9.136e-07          0.000143938
  9.137e-07          0.000143728
  9.138e-07          0.000143517
  9.139e-07          0.000143307
  9.14e-07          0.000143116
  9.141e-07          0.000143618
  9.142e-07          0.000144151
  9.143e-07          0.000144684
  9.144e-07          0.000145028
  9.145e-07          0.000145371
  9.146e-07          0.000145713
  9.147e-07          0.000146206
  9.148e-07          0.0001467
  9.149e-07          0.000147193
  9.15e-07          0.000147688
  9.151e-07          0.000147592
  9.152e-07          0.000147495
  9.153e-07          0.000147399
  9.154e-07          0.000147303
  9.155e-07          0.000147278
  9.156e-07          0.000147253
  9.157e-07          0.000147228
  9.158e-07          0.000147223
  9.159e-07          0.000147217
  9.16e-07          0.000147141
  9.161e-07          0.000146915
  9.162e-07          0.000146629
  9.163e-07          0.000146413
  9.164e-07          0.000146067
  9.165e-07          0.000145722
  9.166e-07          0.000145376
  9.167e-07          0.00014503
  9.168e-07          0.000144887
  9.169e-07          0.000144744
  9.17e-07          0.0001446
  9.171e-07          0.000144768
  9.172e-07          0.000144806
  9.173e-07          0.000144843
  9.174e-07          0.000144868
  9.175e-07          0.000144893
  9.176e-07          0.000145028
  9.177e-07          0.000145162
  9.178e-07          0.000145297
  9.179e-07          0.000145452
  9.18e-07          0.000145607
  9.181e-07          0.000145708
  9.182e-07          0.000145809
  9.183e-07          0.000145831
  9.184e-07          0.000145853
  9.185e-07          0.00014581
  9.186e-07          0.000145768
  9.187e-07          0.000145713
  9.188e-07          0.000145657
  9.189e-07          0.000145602
  9.19e-07          0.000145689
  9.191e-07          0.000145874
  9.192e-07          0.000146059
  9.193e-07          0.000146243
  9.194e-07          0.000146336
  9.195e-07          0.000146429
  9.196e-07          0.000146521
  9.197e-07          0.000146744
  9.198e-07          0.000146967
  9.199e-07          0.00014719
  9.2e-07          0.000147414
  9.201e-07          0.000147421
  9.202e-07          0.000147429
  9.203e-07          0.000147436
  9.204e-07          0.000147477
  9.205e-07          0.000147517
  9.206e-07          0.000147544
  9.207e-07          0.00014757
  9.208e-07          0.000147309
  9.209e-07          0.000147047
  9.21e-07          0.000146785
  9.211e-07          0.000143252
  9.212e-07          0.000139715
  9.213e-07          0.000136173
  9.214e-07          0.000132627
  9.215e-07          0.000128908
  9.216e-07          0.000125173
  9.217e-07          0.000121443
  9.218e-07          0.000117867
  9.219e-07          0.000114287
  9.22e-07          0.000110727
  9.221e-07          0.000114509
  9.222e-07          0.000118285
  9.223e-07          0.000122065
  9.224e-07          0.000125849
  9.225e-07          0.000129622
  9.226e-07          0.000133397
  9.227e-07          0.000137176
  9.228e-07          0.000140958
  9.229e-07          0.000144543
  9.23e-07          0.00014812
  9.231e-07          0.000147828
  9.232e-07          0.000147537
  9.233e-07          0.00014735
  9.234e-07          0.000147164
  9.235e-07          0.000146977
  9.236e-07          0.000146889
  9.237e-07          0.000146801
  9.238e-07          0.000146714
  9.239e-07          0.000146626
  9.24e-07          0.000146537
  9.241e-07          0.00014675
  9.242e-07          0.000146963
  9.243e-07          0.000147176
  9.244e-07          0.000147282
  9.245e-07          0.000147388
  9.246e-07          0.000147611
  9.247e-07          0.000147834
  9.248e-07          0.000148057
  9.249e-07          0.00014828
  9.25e-07          0.000148229
  9.251e-07          0.000148034
  9.252e-07          0.000147839
  9.253e-07          0.000147656
  9.254e-07          0.000147624
  9.255e-07          0.000147592
  9.256e-07          0.00014756
  9.257e-07          0.000147652
  9.258e-07          0.000147744
  9.259e-07          0.000147835
  9.26e-07          0.000147927
  9.261e-07          0.000147905
  9.262e-07          0.000147883
  9.263e-07          0.000147861
  9.264e-07          0.000147838
  9.265e-07          0.000147828
  9.266e-07          0.000147819
  9.267e-07          0.000147821
  9.268e-07          0.000147824
  9.269e-07          0.000147827
  9.27e-07          0.000147829
  9.271e-07          0.000143937
  9.272e-07          0.000140051
  9.273e-07          0.00013617
  9.274e-07          0.000132295
  9.275e-07          0.000128514
  9.276e-07          0.000124734
  9.277e-07          0.000120955
  9.278e-07          0.000117177
  9.279e-07          0.000113451
  9.28e-07          0.000109723
  9.281e-07          0.000113443
  9.282e-07          0.000117183
  9.283e-07          0.000120927
  9.284e-07          0.000124694
  9.285e-07          0.000128456
  9.286e-07          0.000132143
  9.287e-07          0.000135829
  9.288e-07          0.000139612
  9.289e-07          0.0001434
  9.29e-07          0.000147192
  9.291e-07          0.000144799
  9.292e-07          0.000142413
  9.293e-07          0.000139629
  9.294e-07          0.000136833
  9.295e-07          0.000134047
  9.296e-07          0.000131572
  9.297e-07          0.000129098
  9.298e-07          0.000126612
  9.299e-07          0.000124128
  9.3e-07          0.000121681
  9.301e-07          0.000123089
  9.302e-07          0.000124497
  9.303e-07          0.000125917
  9.304e-07          0.000127338
  9.305e-07          0.00012877
  9.306e-07          0.000130203
  9.307e-07          0.000131584
  9.308e-07          0.000132964
  9.309e-07          0.00013442
  9.31e-07          0.000135878
  9.311e-07          0.000134788
  9.312e-07          0.000133697
  9.313e-07          0.000132604
  9.314e-07          0.000131215
  9.315e-07          0.000129829
  9.316e-07          0.000128447
  9.317e-07          0.000127283
  9.318e-07          0.00012612
  9.319e-07          0.000124956
  9.32e-07          0.000123793
  9.321e-07          0.000123196
  9.322e-07          0.0001226
  9.323e-07          0.000122023
  9.324e-07          0.000121446
  9.325e-07          0.000120866
  9.326e-07          0.000120286
  9.327e-07          0.000119705
  9.328e-07          0.000119143
  9.329e-07          0.00011858
  9.33e-07          0.000118016
  9.331e-07          0.000119036
  9.332e-07          0.00011998
  9.333e-07          0.000120902
  9.334e-07          0.000121825
  9.335e-07          0.00012258
  9.336e-07          0.000123331
  9.337e-07          0.000124078
  9.338e-07          0.000124832
  9.339e-07          0.000125724
  9.34e-07          0.000126614
  9.341e-07          0.000127437
  9.342e-07          0.000128355
  9.343e-07          0.000129274
  9.344e-07          0.000130183
  9.345e-07          0.000131113
  9.346e-07          0.000132044
  9.347e-07          0.000132975
  9.348e-07          0.000133907
  9.349e-07          0.00013484
  9.35e-07          0.000135773
  9.351e-07          0.000122267
  9.352e-07          0.000108747
  9.353e-07          9.51913e-05
  9.354e-07          8.16299e-05
  9.355e-07          6.80634e-05
  9.356e-07          5.44248e-05
  9.357e-07          4.08113e-05
  9.358e-07          2.72281e-05
  9.359e-07          1.36755e-05
  9.36e-07          1.5367e-07
  9.361e-07          1.16124e-05
  9.362e-07          2.30697e-05
  9.363e-07          3.45257e-05
  9.364e-07          4.59804e-05
  9.365e-07          5.74338e-05
  9.366e-07          6.89411e-05
  9.367e-07          8.04655e-05
  9.368e-07          9.2007e-05
  9.369e-07          0.000103566
  9.37e-07          0.000115133
  9.371e-07          0.000105498
  9.372e-07          9.58581e-05
  9.373e-07          8.62108e-05
  9.374e-07          7.65637e-05
  9.375e-07          6.69072e-05
  9.376e-07          5.72415e-05
  9.377e-07          4.75703e-05
  9.378e-07          3.78044e-05
  9.379e-07          2.80707e-05
  9.38e-07          1.83695e-05
  9.381e-07          2.72493e-05
  9.382e-07          3.61368e-05
  9.383e-07          4.50317e-05
  9.384e-07          5.39343e-05
  9.385e-07          6.26836e-05
  9.386e-07          7.13946e-05
  9.387e-07          8.02774e-05
  9.388e-07          8.91684e-05
  9.389e-07          9.80603e-05
  9.39e-07          0.000106959
  9.391e-07          0.000110645
  9.392e-07          0.00011431
  9.393e-07          0.000117976
  9.394e-07          0.000121643
  9.395e-07          0.000125323
  9.396e-07          0.000128943
  9.397e-07          0.000132561
  9.398e-07          0.000136178
  9.399e-07          0.000139557
  9.4e-07          0.000142922
  9.401e-07          0.000142406
  9.402e-07          0.000142213
  9.403e-07          0.000142044
  9.404e-07          0.000141875
  9.405e-07          0.000141706
  9.406e-07          0.000141453
  9.407e-07          0.000141198
  9.408e-07          0.000140911
  9.409e-07          0.000140623
  9.41e-07          0.000140199
  9.411e-07          0.000132
  9.412e-07          0.000123823
  9.413e-07          0.000115781
  9.414e-07          0.000107746
  9.415e-07          9.97166e-05
  9.416e-07          9.16988e-05
  9.417e-07          8.37224e-05
  9.418e-07          7.57446e-05
  9.419e-07          6.77654e-05
  9.42e-07          5.97981e-05
  9.421e-07          6.083e-05
  9.422e-07          6.18624e-05
  9.423e-07          6.29001e-05
  9.424e-07          6.39385e-05
  9.425e-07          6.49697e-05
  9.426e-07          6.60013e-05
  9.427e-07          6.69975e-05
  9.428e-07          6.7993e-05
  9.429e-07          6.90051e-05
  9.43e-07          7.00171e-05
  9.431e-07          7.02965e-05
  9.432e-07          7.05749e-05
  9.433e-07          7.08522e-05
  9.434e-07          7.12388e-05
  9.435e-07          7.16257e-05
  9.436e-07          7.20182e-05
  9.437e-07          7.2411e-05
  9.438e-07          7.26914e-05
  9.439e-07          7.29471e-05
  9.44e-07          7.32017e-05
  9.441e-07          7.9742e-05
  9.442e-07          8.62866e-05
  9.443e-07          9.28354e-05
  9.444e-07          9.93885e-05
  9.445e-07          0.000105915
  9.446e-07          0.000112443
  9.447e-07          0.00011897
  9.448e-07          0.000125525
  9.449e-07          0.000132083
  9.45e-07          0.000138644
  9.451e-07          0.000138372
  9.452e-07          0.000137861
  9.453e-07          0.00013735
  9.454e-07          0.00013684
  9.455e-07          0.000136331
  9.456e-07          0.000136034
  9.457e-07          0.000135737
  9.458e-07          0.000135441
  9.459e-07          0.000135093
  9.46e-07          0.000134746
  9.461e-07          0.00013492
  9.462e-07          0.000135116
  9.463e-07          0.000135147
  9.464e-07          0.000135176
  9.465e-07          0.000135204
  9.466e-07          0.000135347
  9.467e-07          0.000135459
  9.468e-07          0.00013557
  9.469e-07          0.000135822
  9.47e-07          0.000136073
  9.471e-07          0.000136424
  9.472e-07          0.000136709
  9.473e-07          0.000137005
  9.474e-07          0.000137301
  9.475e-07          0.000137681
  9.476e-07          0.000138061
  9.477e-07          0.0001384
  9.478e-07          0.000138715
  9.479e-07          0.00013903
  9.48e-07          0.000139318
  9.481e-07          0.000134862
  9.482e-07          0.000130408
  9.483e-07          0.000125957
  9.484e-07          0.0001212
  9.485e-07          0.000116467
  9.486e-07          0.000112099
  9.487e-07          0.00010773
  9.488e-07          0.000103366
  9.489e-07          9.8999e-05
  9.49e-07          9.45908e-05
  9.491e-07          8.51218e-05
  9.492e-07          7.56556e-05
  9.493e-07          6.61923e-05
  9.494e-07          5.67277e-05
  9.495e-07          4.72047e-05
  9.496e-07          3.77111e-05
  9.497e-07          2.82468e-05
  9.498e-07          1.88434e-05
  9.499e-07          9.43829e-06
  9.5e-07          3.13485e-08
  9.501e-07          1.37905e-05
  9.502e-07          2.75074e-05
  9.503e-07          4.1182e-05
  9.504e-07          5.48141e-05
  9.505e-07          6.84787e-05
  9.506e-07          8.21306e-05
  9.507e-07          9.57948e-05
  9.508e-07          0.000109453
  9.509e-07          0.000123117
  9.51e-07          0.000136776
  9.511e-07          0.000124419
  9.512e-07          0.000112048
  9.513e-07          9.96637e-05
  9.514e-07          8.72655e-05
  9.515e-07          7.48534e-05
  9.516e-07          6.23014e-05
  9.517e-07          4.97694e-05
  9.518e-07          3.72822e-05
  9.519e-07          2.48875e-05
  9.52e-07          1.24904e-05
  9.521e-07          2.20791e-05
  9.522e-07          3.16718e-05
  9.523e-07          4.1227e-05
  9.524e-07          5.07669e-05
  9.525e-07          6.02913e-05
  9.526e-07          6.9774e-05
  9.527e-07          7.92282e-05
  9.528e-07          8.86582e-05
  9.529e-07          9.80639e-05
  9.53e-07          0.000107586
  9.531e-07          0.000110487
  9.532e-07          0.000113388
  9.533e-07          0.000116162
  9.534e-07          0.000118937
  9.535e-07          0.000121707
  9.536e-07          0.000124531
  9.537e-07          0.000127285
  9.538e-07          0.000130032
  9.539e-07          0.000132772
  9.54e-07          0.000135497
  9.541e-07          0.000134344
  9.542e-07          0.000133192
  9.543e-07          0.00013204
  9.544e-07          0.000130764
  9.545e-07          0.00012949
  9.546e-07          0.000128219
  9.547e-07          0.000126936
  9.548e-07          0.000125655
  9.549e-07          0.000124376
  9.55e-07          0.0001231
  9.551e-07          0.000110942
  9.552e-07          9.87797e-05
  9.553e-07          8.66082e-05
  9.554e-07          7.44349e-05
  9.555e-07          6.21944e-05
  9.556e-07          4.99859e-05
  9.557e-07          3.77972e-05
  9.558e-07          2.56207e-05
  9.559e-07          1.34714e-05
  9.56e-07          1.34962e-06
  9.561e-07          1.41354e-05
  9.562e-07          2.6925e-05
  9.563e-07          3.97168e-05
  9.564e-07          5.25108e-05
  9.565e-07          6.52512e-05
  9.566e-07          7.79671e-05
  9.567e-07          9.06615e-05
  9.568e-07          0.000103303
  9.569e-07          0.000115915
  9.57e-07          0.000128496
  9.571e-07          0.000128656
  9.572e-07          0.000128994
  9.573e-07          0.000129341
  9.574e-07          0.000129689
  9.575e-07          0.000130014
  9.576e-07          0.000130181
  9.577e-07          0.000130347
  9.578e-07          0.000130513
  9.579e-07          0.000130656
  9.58e-07          0.000130807
  9.581e-07          0.000130005
  9.582e-07          0.000129204
  9.583e-07          0.000128553
  9.584e-07          0.000127902
  9.585e-07          0.000127272
  9.586e-07          0.000126641
  9.587e-07          0.000125772
  9.588e-07          0.000124905
  9.589e-07          0.000124072
  9.59e-07          0.00012324
  9.591e-07          0.000123481
  9.592e-07          0.000123722
  9.593e-07          0.00012397
  9.594e-07          0.000124316
  9.595e-07          0.000124641
  9.596e-07          0.000124967
  9.597e-07          0.000125235
  9.598e-07          0.000125503
  9.599e-07          0.000125762
  9.6e-07          0.00012602
  9.601e-07          0.000126175
  9.602e-07          0.000126328
  9.603e-07          0.000126478
  9.604e-07          0.00012693
  9.605e-07          0.000127382
  9.606e-07          0.000127843
  9.607e-07          0.000128304
  9.608e-07          0.000128463
  9.609e-07          0.00012862
  9.61e-07          0.00012879
  9.611e-07          0.000128644
  9.612e-07          0.000128488
  9.613e-07          0.000128331
  9.614e-07          0.000128173
  9.615e-07          0.000128143
  9.616e-07          0.000128113
  9.617e-07          0.000128082
  9.618e-07          0.000128201
  9.619e-07          0.000128341
  9.62e-07          0.000128481
  9.621e-07          0.000128468
  9.622e-07          0.000128353
  9.623e-07          0.000128237
  9.624e-07          0.000128153
  9.625e-07          0.00012807
  9.626e-07          0.000128042
  9.627e-07          0.000128013
  9.628e-07          0.000127985
  9.629e-07          0.000127926
  9.63e-07          0.000127867
  9.631e-07          0.000115053
  9.632e-07          0.000102246
  9.633e-07          8.92662e-05
  9.634e-07          7.63446e-05
  9.635e-07          6.34819e-05
  9.636e-07          5.07949e-05
  9.637e-07          3.81088e-05
  9.638e-07          2.54239e-05
  9.639e-07          1.274e-05
  9.64e-07          5.71304e-08
  9.641e-07          1.27464e-05
  9.642e-07          2.53994e-05
  9.643e-07          3.80118e-05
  9.644e-07          5.05851e-05
  9.645e-07          6.31291e-05
  9.646e-07          7.56377e-05
  9.647e-07          8.82061e-05
  9.648e-07          0.000100766
  9.649e-07          0.000113318
  9.65e-07          0.000125778
  9.651e-07          0.000115703
  9.652e-07          0.000105646
  9.653e-07          9.56082e-05
  9.654e-07          8.54713e-05
  9.655e-07          7.53803e-05
  9.656e-07          6.53354e-05
  9.657e-07          5.54607e-05
  9.658e-07          4.55935e-05
  9.659e-07          3.57263e-05
  9.66e-07          2.58589e-05
  9.661e-07          3.37802e-05
  9.662e-07          4.16881e-05
  9.663e-07          4.95782e-05
  9.664e-07          5.73392e-05
  9.665e-07          6.50514e-05
  9.666e-07          7.27146e-05
  9.667e-07          8.03286e-05
  9.668e-07          8.80476e-05
  9.669e-07          9.57446e-05
  9.67e-07          0.00010342
  9.671e-07          0.000105424
  9.672e-07          0.000107427
  9.673e-07          0.00010943
  9.674e-07          0.000111433
  9.675e-07          0.000113247
  9.676e-07          0.000115055
  9.677e-07          0.000116848
  9.678e-07          0.000118633
  9.679e-07          0.000120581
  9.68e-07          0.000122527
  9.681e-07          0.000122504
  9.682e-07          0.000122437
  9.683e-07          0.000122369
  9.684e-07          0.00012231
  9.685e-07          0.00012225
  9.686e-07          0.000121777
  9.687e-07          0.000121303
  9.688e-07          0.000121338
  9.689e-07          0.000121372
  9.69e-07          0.000121399
  9.691e-07          0.000121352
  9.692e-07          0.000121196
  9.693e-07          0.000121041
  9.694e-07          0.000120797
  9.695e-07          0.000120552
  9.696e-07          0.000120313
  9.697e-07          0.000120074
  9.698e-07          0.000119835
  9.699e-07          0.000119596
  9.7e-07          0.000119518
  9.701e-07          0.000119506
  9.702e-07          0.000119494
  9.703e-07          0.000119403
  9.704e-07          0.00011933
  9.705e-07          0.000119257
  9.706e-07          0.000119183
  9.707e-07          0.000118733
  9.708e-07          0.000118281
  9.709e-07          0.000118301
  9.71e-07          0.000118322
  9.711e-07          0.000118292
  9.712e-07          0.000118262
  9.713e-07          0.000118231
  9.714e-07          0.000117898
  9.715e-07          0.000117565
  9.716e-07          0.000117231
  9.717e-07          0.00011691
  9.718e-07          0.000116701
  9.719e-07          0.000116492
  9.72e-07          0.000116282
  9.721e-07          0.000116271
  9.722e-07          0.00011626
  9.723e-07          0.000116242
  9.724e-07          0.000116223
  9.725e-07          0.00011602
  9.726e-07          0.000115817
  9.727e-07          0.000115614
  9.728e-07          0.000115396
  9.729e-07          0.000115178
  9.73e-07          0.000114946
  9.731e-07          0.000113312
  9.732e-07          0.000111845
  9.733e-07          0.000110378
  9.734e-07          0.000108913
  9.735e-07          0.000107374
  9.736e-07          0.000103735
  9.737e-07          0.000100162
  9.738e-07          9.66541e-05
  9.739e-07          9.30601e-05
  9.74e-07          8.95572e-05
  9.741e-07          8.85821e-05
  9.742e-07          8.77795e-05
  9.743e-07          8.65909e-05
  9.744e-07          8.53408e-05
  9.745e-07          8.40296e-05
  9.746e-07          8.25454e-05
  9.747e-07          8.10038e-05
  9.748e-07          7.94053e-05
  9.749e-07          8.02318e-05
  9.75e-07          8.10537e-05
  9.751e-07          8.02401e-05
  9.752e-07          7.9429e-05
  9.753e-07          7.87732e-05
  9.754e-07          7.81177e-05
  9.755e-07          7.74245e-05
  9.756e-07          6.57441e-05
  9.757e-07          5.41894e-05
  9.758e-07          4.28966e-05
  9.759e-07          3.18373e-05
  9.76e-07          2.0993e-05
  9.761e-07          1.05651e-05
  9.762e-07          0
