#####################################################################
#  MagAO-X Filter Curve
#
# magaox_sci1-halpha-cont_bs-halpha-ir_scibs-halpha_atm.dat
#
# Science H-alpha Continuum bandpass with H-alpha/IR B/S, with atmosphere
#
# Characteristics:
#    lambda_0:  6.68052e-07 [central wavelength, in m]
#    w_eff:     8.62167e-09 [effective width, in m]
#    FWHM:      8.50348e-09 [full-width at half max., in m]
#    Trans_max: 0.218191 [maximum transmission]
#
# Vega Zero Point Flux Densities (calculated):
#    f_lambda_0: 0.0197911 [W/m^3 above atm]
#    f_nu_0:     2.9462e-23 [Jy above atm]
#    f_phot_0:   6.65584e+16 [photons/s/m^3 above atm]
#
# Vega Zero Point Fluxes (calculated):
#    F_W_0: 5.18591e-09 [W at telescope aperture]
#    F_phot_0:   3.80535e+09 [photons/s at detector]
#
#####################################################################
# lambda [m]             transmission
#-------------------------------------------------
  6.515e-07          0
  6.516e-07          1.81441e-09
  6.517e-07          2.05314e-09
  6.518e-07          2.2284e-09
  6.519e-07          2.37077e-09
  6.52e-07          2.46948e-09
  6.521e-07          2.48656e-09
  6.522e-07          2.46089e-09
  6.523e-07          2.46066e-09
  6.524e-07          2.4602e-09
  6.525e-07          2.53079e-09
  6.526e-07          2.60014e-09
  6.527e-07          2.72639e-09
  6.528e-07          2.85113e-09
  6.529e-07          3.05304e-09
  6.53e-07          3.18002e-09
  6.531e-07          3.28981e-09
  6.532e-07          3.42631e-09
  6.533e-07          3.51944e-09
  6.534e-07          3.64046e-09
  6.535e-07          3.79083e-09
  6.536e-07          3.86654e-09
  6.537e-07          3.9439e-09
  6.538e-07          4.04612e-09
  6.539e-07          4.151e-09
  6.54e-07          4.2917e-09
  6.541e-07          4.43686e-09
  6.542e-07          4.6191e-09
  6.543e-07          4.92403e-09
  6.544e-07          5.07553e-09
  6.545e-07          5.2239e-09
  6.546e-07          5.3378e-09
  6.547e-07          5.44984e-09
  6.548e-07          5.67016e-09
  6.549e-07          5.81844e-09
  6.55e-07          6.09646e-09
  6.551e-07          6.38013e-09
  6.552e-07          6.54205e-09
  6.553e-07          6.84806e-09
  6.554e-07          7.16597e-09
  6.555e-07          7.49991e-09
  6.556e-07          7.79085e-09
  6.557e-07          8.09513e-09
  6.558e-07          8.58466e-09
  6.559e-07          8.91766e-09
  6.56e-07          9.26596e-09
  6.561e-07          9.90969e-09
  6.562e-07          1.38153e-08
  6.563e-07          3.4763e-08
  6.564e-07          5.79558e-08
  6.565e-07          6.96569e-08
  6.566e-07          8.23176e-08
  6.567e-07          8.64197e-08
  6.568e-07          9.05177e-08
  6.569e-07          9.55406e-08
  6.57e-07          1.01581e-07
  6.571e-07          1.10146e-07
  6.572e-07          1.1697e-07
  6.573e-07          1.77124e-07
  6.574e-07          1.88139e-07
  6.575e-07          2.46487e-07
  6.576e-07          2.85668e-07
  6.577e-07          3.76188e-07
  6.578e-07          4.05586e-07
  6.579e-07          4.43168e-07
  6.58e-07          4.74324e-07
  6.581e-07          5.11323e-07
  6.582e-07          5.50926e-07
  6.583e-07          7.11786e-07
  6.584e-07          8.45193e-07
  6.585e-07          9.89946e-07
  6.586e-07          1.12063e-06
  6.587e-07          1.25932e-06
  6.588e-07          1.40984e-06
  6.589e-07          1.77291e-06
  6.59e-07          2.04229e-06
  6.591e-07          2.55978e-06
  6.592e-07          3.17093e-06
  6.593e-07          3.876e-06
  6.594e-07          4.81528e-06
  6.595e-07          5.84544e-06
  6.596e-07          6.91562e-06
  6.597e-07          8.61271e-06
  6.598e-07          9.99029e-06
  6.599e-07          1.24887e-05
  6.6e-07          1.49709e-05
  6.601e-07          1.87e-05
  6.602e-07          2.83672e-05
  6.603e-07          3.65926e-05
  6.604e-07          4.58577e-05
  6.605e-07          5.8275e-05
  6.606e-07          7.21131e-05
  6.607e-07          8.49106e-05
  6.608e-07          9.86817e-05
  6.609e-07          0.00011926
  6.61e-07          0.000151513
  6.611e-07          0.000205592
  6.612e-07          0.000291234
  6.613e-07          0.000387835
  6.614e-07          0.0005038
  6.615e-07          0.000676683
  6.616e-07          0.000853193
  6.617e-07          0.00107144
  6.618e-07          0.00133125
  6.619e-07          0.0016413
  6.62e-07          0.00221676
  6.621e-07          0.00295955
  6.622e-07          0.00376004
  6.623e-07          0.00566996
  6.624e-07          0.0074906
  6.625e-07          0.00953575
  6.626e-07          0.012289
  6.627e-07          0.01534
  6.628e-07          0.018603
  6.629e-07          0.0221108
  6.63e-07          0.0284932
  6.631e-07          0.0343222
  6.632e-07          0.0411951
  6.633e-07          0.0487432
  6.634e-07          0.0580074
  6.635e-07          0.0718118
  6.636e-07          0.0834889
  6.637e-07          0.0957923
  6.638e-07          0.114743
  6.639e-07          0.13167
  6.64e-07          0.145692
  6.641e-07          0.157155
  6.642e-07          0.166002
  6.643e-07          0.178985
  6.644e-07          0.194364
  6.645e-07          0.200036
  6.646e-07          0.205706
  6.647e-07          0.2083
  6.648e-07          0.210894
  6.649e-07          0.215222
  6.65e-07          0.218191
  6.651e-07          0.218158
  6.652e-07          0.218125
  6.653e-07          0.218092
  6.654e-07          0.218059
  6.655e-07          0.21784
  6.656e-07          0.217739
  6.657e-07          0.217689
  6.658e-07          0.217657
  6.659e-07          0.21757
  6.66e-07          0.217484
  6.661e-07          0.2174
  6.662e-07          0.21733
  6.663e-07          0.21726
  6.664e-07          0.217201
  6.665e-07          0.217142
  6.666e-07          0.217111
  6.667e-07          0.217081
  6.668e-07          0.217051
  6.669e-07          0.21702
  6.67e-07          0.21699
  6.671e-07          0.216967
  6.672e-07          0.216945
  6.673e-07          0.216923
  6.674e-07          0.2169
  6.675e-07          0.216878
  6.676e-07          0.216856
  6.677e-07          0.216833
  6.678e-07          0.216811
  6.679e-07          0.216766
  6.68e-07          0.216766
  6.681e-07          0.216743
  6.682e-07          0.21672
  6.683e-07          0.216651
  6.684e-07          0.216583
  6.685e-07          0.216514
  6.686e-07          0.216446
  6.687e-07          0.216369
  6.688e-07          0.216292
  6.689e-07          0.216108
  6.69e-07          0.216085
  6.691e-07          0.216059
  6.692e-07          0.216032
  6.693e-07          0.216005
  6.694e-07          0.215978
  6.695e-07          0.215973
  6.696e-07          0.215946
  6.697e-07          0.215919
  6.698e-07          0.215892
  6.699e-07          0.215883
  6.7e-07          0.215873
  6.701e-07          0.215777
  6.702e-07          0.215664
  6.703e-07          0.215797
  6.704e-07          0.215707
  6.705e-07          0.215617
  6.706e-07          0.215578
  6.707e-07          0.215538
  6.708e-07          0.215544
  6.709e-07          0.21555
  6.71e-07          0.2155
  6.711e-07          0.215442
  6.712e-07          0.212403
  6.713e-07          0.208502
  6.714e-07          0.206338
  6.715e-07          0.203356
  6.716e-07          0.195137
  6.717e-07          0.181873
  6.718e-07          0.169722
  6.719e-07          0.160537
  6.72e-07          0.14973
  6.721e-07          0.132276
  6.722e-07          0.118229
  6.723e-07          0.105833
  6.724e-07          0.0867013
  6.725e-07          0.0762259
  6.726e-07          0.0657734
  6.727e-07          0.0584417
  6.728e-07          0.0511242
  6.729e-07          0.0418399
  6.73e-07          0.0358645
  6.731e-07          0.0308433
  6.732e-07          0.0264639
  6.733e-07          0.0229088
  6.734e-07          0.0187703
  6.735e-07          0.016216
  6.736e-07          0.0141436
  6.737e-07          0.0117352
  6.738e-07          0.0102261
  6.739e-07          0.008974
  6.74e-07          0.0078154
  6.741e-07          0.0068069
  6.742e-07          0.00572384
  6.743e-07          0.0045857
  6.744e-07          0.00407431
  6.745e-07          0.00356474
  6.746e-07          0.00318701
  6.747e-07          0.00281066
  6.748e-07          0.00257657
  6.749e-07          0.00234312
  6.75e-07          0.00199053
  6.751e-07          0.00174908
  6.752e-07          0.00154897
  6.753e-07          0.00129856
  6.754e-07          0.00117144
  6.755e-07          0.00101857
  6.756e-07          0.000901391
  6.757e-07          0.000804125
  6.758e-07          0.00069271
  6.759e-07          0.000617207
  6.76e-07          0.000553494
  6.761e-07          0.000494389
  6.762e-07          0.000438625
  6.763e-07          0.000378197
  6.764e-07          0.00031388
  6.765e-07          0.000281748
  6.766e-07          0.000250639
  6.767e-07          0.000225815
  6.768e-07          0.000201761
  6.769e-07          0.000185562
  6.77e-07          0.000169735
  6.771e-07          0.000148779
  6.772e-07          0.000134135
  6.773e-07          0.000121864
  6.774e-07          0.000108284
  6.775e-07          9.81956e-05
  6.776e-07          8.84618e-05
  6.777e-07          8.01802e-05
  6.778e-07          7.32694e-05
  6.779e-07          6.51244e-05
  6.78e-07          5.91075e-05
  6.781e-07          5.42584e-05
  6.782e-07          5.02227e-05
  6.783e-07          4.62786e-05
  6.784e-07          4.1428e-05
  6.785e-07          3.6337e-05
  6.786e-07          3.35497e-05
  6.787e-07          3.08124e-05
  6.788e-07          2.881e-05
  6.789e-07          2.68326e-05
  6.79e-07          2.49087e-05
  6.791e-07          2.32922e-05
  6.792e-07          2.13273e-05
  6.793e-07          1.99265e-05
  6.794e-07          1.8643e-05
  6.795e-07          1.71966e-05
  6.796e-07          1.61779e-05
  6.797e-07          1.51258e-05
  6.798e-07          1.42269e-05
  6.799e-07          1.35453e-05
  6.8e-07          1.25162e-05
  6.801e-07          1.17092e-05
  6.802e-07          1.10358e-05
  6.803e-07          1.03119e-05
  6.804e-07          9.36334e-06
  6.805e-07          8.80334e-06
  6.806e-07          8.24823e-06
  6.807e-07          7.80505e-06
  6.808e-07          7.36594e-06
  6.809e-07          7.06509e-06
  6.81e-07          6.76661e-06
  6.811e-07          6.50544e-06
  6.812e-07          6.25398e-06
  6.813e-07          5.92573e-06
  6.814e-07          5.64937e-06
  6.815e-07          5.38854e-06
  6.816e-07          5.13988e-06
  6.817e-07          4.87593e-06
  6.818e-07          4.55458e-06
  6.819e-07          4.34646e-06
  6.82e-07          4.17656e-06
  6.821e-07          4.01121e-06
  6.822e-07          3.9099e-06
  6.823e-07          3.80554e-06
  6.824e-07          3.70664e-06
  6.825e-07          3.43756e-06
  6.826e-07          3.2298e-06
  6.827e-07          3.02411e-06
  6.828e-07          2.88224e-06
  6.829e-07          2.74144e-06
  6.83e-07          2.59886e-06
  6.831e-07          2.48754e-06
  6.832e-07          2.38056e-06
  6.833e-07          2.29421e-06
  6.834e-07          2.21218e-06
  6.835e-07          2.16132e-06
  6.836e-07          2.1271e-06
  6.837e-07          2.121e-06
  6.838e-07          2.11519e-06
  6.839e-07          2.10898e-06
  6.84e-07          2.10438e-06
  6.841e-07          2.05547e-06
  6.842e-07          1.87461e-06
  6.843e-07          1.74618e-06
  6.844e-07          1.67615e-06
  6.845e-07          1.6502e-06
  6.846e-07          1.62391e-06
  6.847e-07          1.62883e-06
  6.848e-07          1.63372e-06
  6.849e-07          1.6322e-06
  6.85e-07          1.63061e-06
  6.851e-07          1.65175e-06
  6.852e-07          1.67979e-06
  6.853e-07          0
